1010111010101110001001100011111011011111010111010110011100001001000000001110000100100001110011011101
1001000010010001011010001010001010111001110110111001010110110100111100011010001011111011110011000001
0001101100110001001001111001111000100110110011111000101000011101101111001001011111010100010110100111
1011011101010100110101101011001100101101011000010001001111001000101011011010101011010101011011101111
0011101001110101101110111100111000010001100100010111011001001000110010110100101110110000100101011100
1011101111100100110111001110011010110110110110111000000010000010111011101101011111101100101111000011
1010010100001010001101110111100001110001001011011001000111101011011000010000000010100000011111000110
0010111010010101001100110001111010100111001011011001110001011010010000110110100110101011000011000011
1010100111111110100111011111111010100010111100000000011111011110100001110011100000101000110011011010
1001000000100000010010001000110100101011010010100100000010001011110101001111111001011101010001111000
0010000001011101100111110111000010110111010011001111101000000001110010000000010000100101001101001000
1110110111110011000010001111110111101000000110000110011011001001100100101001010101111010000000000100
1000111100111000111101110111001111011011001111110111100111011110110011110001101011011100110101110100
1010100101000111110000011101000110101101100111011000101000110000001111110011001101110110000100111000
0111100011111100001100110011001101010010010010000101101100000011101110101101100010111001001010010100
0111000001101011111011101001111101001011100101011101110100101110100010110000000000110000000110110111
0110001100001111010110101101100101010000000001011010100000100111111000001101101011100100110110110100
1100001100100001001110010100100001010110000011001101111011011100000000011101000110110110100100111111
1010011010000111110110101000111110001100000100101111100000010101100110100001001010111101100000011100
1000011001110101111010001110101111101111011001111001011001100000111110101111111111011000101111111100
0000001110010101011000101010111000100001101011010110101011110010011001111010000111110000111001011111
0101001110001101010000101000011111010000001011001101001010101101110100110011001100001011001111011010
0111000100100010110111011011111011011000100000110001101110110010110110011011110010010111110010101011
0100101111001000010101110101110111111100110011010010010011110111011011110011010000011011110100111101
1010111001010110011100110001000101111010001010011000101101010001100001010000010110010000010110100101
1110111001110010111001011101100000000100010001111100010101011000010000010001111111010111011100110100
1100101111000111100001100011101111010001100001010010111011101011001110000010001001010100111110100110
0100111101011110011001011100111010100110000000111110101111010011101001111010111111011111000001100111
1111100100111000000100110100001010011110000010011111101000101111110111001010110100110101101001111000
1110101110001011011101011011101001000100101100110100111011100110110110101000101111101001001010110001
1101101010100101001101110000010011111101011111000011011011011000000100001011111010101001000101100111
0101001010000100000110011111011001010010001101010000111111001101100101101001011000011001001111000000
1101101010100101110110101000010111101100011010001101000011011001101111001100000101110011110001001000
1010010001011001001011001100010001110001110010101001110101010100110000101000110111111011000110000101
0010000111001110000001111010101010010000101010010100100111111011110101111000110111011011110000100000
0010001101011011101001100000101101001111011001100111010000100001110111101001011100010111010010101111
1100101100001011101010011111000110100011000111100100001110100111001011100101011000100001101010010101
1011001010010110100000010110011011011010110001000010011111001010001111010001111110000010110110101100
1010010111100111000101000111100100100010111010110010111101111111011100011001011010100000010001000100
1001110010001101110000110010001100110110110011110100001011000010111101010011010101011001110010000010
0100011111101010010001000001000101110110001001111110101001001110110111001111001011001001001010100001
0001001101010101101101010101110101001110111011010100001100101100001110010110001001101001011110100111
1010111010011011001000011000100110001000101001001011011000111011100100000000011010110100000000110001
0011001111100101001100011110000111101111011000101001000101011011111011100100110111010000110110001001
1001110010100100010100001111000000000100010000101000011101111101001001100101101111100111111100100001
0011011100010010110000010010110111000000011011101011000110000010101110011011101000011000010010110010
0101011011101010000010001010110001110101100001100011100001111001100011011001111100001100000010100001
1111001010010011110101100100101001001001000011101111000000000010011011000010110010101010000100010010
0011010111100010000010011011100110010011001110100010000111010100100111101010111111100000111110100101
1010000111110001010111111111010111101111100000101111010011101110001100011000110100101000110110000011
1110111000001100001001101110110001000101101001011001010010110110110000100111110010110111110110110011
1001111111100001001001000010011001111110101001111101101111101000011101000100100011011101000010111100
0101000011110101100001000011011110001111101101100010000111111010101100001010111110101011010000001010
0101011101011101000001010010010110000111000000110110101000110011000110110000001101111111110101101100
1100110010010100101010100000010000000111011000011101111011110101001101100011111100010010010100000011
0000010110000100001111011100110110110010001010111110001100000111100111111101001100000001001110111011
1001111111111010001111011010011111111001111111001010011110111100010010000110010011110100000110101000
0011101111101010010010100000110100000001011110101000110100001110100110111001110110100111101000100001
0100111000110110000010100001000111010010111010011101011011100111000111111000011011111011110101101100
0101110110010101011001011011000100011000100000011010000100110000110011101011001010011110101110100001
0100000001101000001101111011011001001000010010001101101111001011010111010101111011111111100011000100
1100101110110100011000000000101101100111011000010101011011111010101010001111101110000100101010010100
1100010111000000001100001101101001101100110001110100010001111101111000011110100000101100001010101101
1111011011010110110100001111101000110001000101011010111011001111110101101110111110100111101111000011
1101100001110111110100000010001101010111110110100100100110000000000011111010000010110111111101111001
1101110110110010011111110000011011011100000101011100001100111111010110000010111010110000110110000111
0110110001100110001110100010111111100110110000110110101110001001111100111000010100101001100111111101
1101000100101110001010001000110110001110111100110000111110011011100010010000010100010110010110000111
0101011011101100001010010101000010011100001111111011110011100000001001010010000101000000110001010001
1111010001100101000010001100011011100110000000110000011110111000111111011101010001101111100011010111
1101000010110010110001000010001011001100111110001111011000101001100010101111101010110001111011010110
0010011101001000011111101000000100010110000000000110000000110011000011010100110111010000000010011100
0101011000011111010010111011101000000111011000111111110011111111101111001110100000010111000001100001
1001110000001011011001110100000001101011110101101000011001111101100110101011000110011011001111001100
1100011011110000010110010011100011011100100111100001100101101000001011111111001011000000010010010101
1101101010111001001110100111111101100101100111110100011000111010111010000110011011100001110001110100
0110010101100000111100110100010011000101100111010010000110110011101000101000001001111001110110010100
1100100100011110100000110001101110001001111000010011000001010011110000001111101101001011010110000100
0001000110111011010011000011000101100101001111101000011011001010010110101111101110110100100001101110
0111110000111011110011000100001100001110111011111011010110011001100111101000111101010111000010011111
1100000001000110001001111011011011100010010010100101101100011011100100101010011001001100011101010110
0001000011010001011001011000001001000000011011001100100001010101111011110100110000110111110111000110
1001001110000001001110101101001000011010001001101000111001000100100110001000001110001010010111000011
1100100110011111101110001110100100010100011110010001000011111010001110000111011100110001100101001111
1110001110000101001111110111001100100110000011001110100100010110100011100100010100100010010000110100
1000100101011110000110010011011100101000001110101101010000001101111111110001110100100110010001010111
0111011111100111111100100011010000010001110000000001100000010100011111010011100011011010011001110110
1001110110100101010111101010111011100001100110010011100101011001011011011101011000011100101011111101
0000000110111101001110110101000110000100000100001100001001000011011110110101110111001001101010000011
1010100000000000010010011011010110100101100100010011101101101100010011000110011001001000001101011100
0111001100001101100100001110111101110010111111110110101110101001100010111001110100110000001110111000
1010101100101101110100001000111101101000010101010010101001011010101101100100100111110011000011101000
1001110001001010100111111010111000101000100011100010000110101111101101100010000111101110011011101111
0101100001110101101010000001011100000101010011111011110111010010010100111101110111011001110000010011
0011011101101111001111011100110110110111111011001101110101000111110010001101101111110010011010100110
0000010110000100111010000001111000111011110000001101011110010010011011001001101111101011101001110110
1100111011001010111010001111111110101001111010100000001010000011001111001010010101111101110111001111
1000010110100010010011100010000101111110010011001011010000001110010000010111001110111101010010100010
0010110010010000111001001010000101011001101001011111001010000110111110100110110010010101111100111111
1110000100101110111111011111101010000001011100101011001011000001001100101001101101000011010001010101
