00010000111000011111111101011001101010000000100001000110001110011000101110000010110101101110111110110110010111110001010101111000000111000100101010101011001011110011011101111010110100001011111101111101
01000101101010100011000010110110101110011000111100111110100011101000000101010000010010101011101101100011101101100111011110011100101001101001111100011100001010111101101100000111000101000111000000010000
00100010011110100101110001010101010101010101010101110011001101101001100001101001000011110110111110011100010000111000101011000111100111101010110111010100100011001110111110101100100011011100110101010010
01011111000011100110000110001110000010110000001110101101110001011100101111001000111111101011110111011010011110101011010010111110000110111001011011100011111100111111000010011100011110001011001110101000
10100010000011100010101100011110110100000000010000001000100100011100110100011110111111010111111110011101101101010100000111001110110001011111111010010110111011011010111110101100110011010101000011110111
10000111000101101001011000010110011101010110101100010110111101001100100011011011010111101001101110001010011001010110110011011010101111111001000110000010111101010000111101111100001010010011111001011110
10111011111000101001111000111001000011110000010110101000100010001110011110010000110101111000111011001111001001111001101110100011001110100111111000100010001011100110010101101111000010101010110001101101
00101010110111011100110010110001101110100011101000000111011000000111010111010011001011011001010010111101100101001101101100011101010101001100011111001110100011111111110011001111111010010101100011110100
01100011100101000000001000001010001110100010101001110000001100001100000000100101110010000010110111100100110110000100011101100011110011010101110010011011011011101000110101001010010001001100111100111101
01000010011011110101100000000001100100101001010110011001111101010110000111010000001111100000111011110001011010101111101111101111010010101100010011100101110001000000100011001100101100111011111101001111
10010000110101011001011101101101100111100101011101111001011111011001000100111110001111001011011101101110101100010111110100100101111110000000111000101011111111010110000001010010100101000011011111111100
00001111000110110100101001101000110000101101101111111100111111110111011001000001001010110011000011001011111101000101100001111011011101011110001001011011111010000010101001000001111100110001110110000010
10111101100100111011010010001101100100001000111100000111000110110010100101110110000000111001001101110110100110000000111101001011110001011001000101101110101000001010001111110110111001101101111000100000
11000111101011110011111111111110111011010111001000100010001111001110101001001110101000010000100001010000111010010001101110001110111111001010101110100011001110101111000101111001100111010100111010010010
01011100111100010011010100111110001000110101111100011101111000011100111110110110110011001110101111101000100110110010110011111000010101100001111111000000011000101100111101100001001100100010001000001111
11101011011011101101000110010111011000111111000100001101111001011000110110010011100001100011110100010111110011101001011000111000111100110011000000010001010101110100111000001111101010111000001010100100
00110010101101011101000100000111110100011111010111110010110011111010011001001111011101101010110000111101000100000010111101011010100111110001011100100010110100111011100001101101000101010001011111000100
00100110110001100110101000011011100010101011011010111011010000100111001100100001111110100100101101101011101101110011110010010001011011001011001101100101110000011010011001110011001000000010111100000010
11111110111001010100101100100110110001000111110101001111100111000100101110110100010011100110000010111001101110100101011010100111101100011010010111000111010100010111111100100011011111110101100011001111
11001010011101100100110101001011110100111000000010010001110100101110101110100010010100110101010010011100110101011011011010010100110011011101111010011101000010010000100000000110010000010001000011000000
10110010110100100010000011100001001100011100100100001111010001100001111011111011100101011100001111100101001011010001001101100011101011111011100010100100010001111001110111001010001011000010001101011001
11110101110101111001110111000011110110110010011001010101101000100101010011111111001110000101010010001010010001111010100111101110110001011000001100000011001010001111001101111001010010010000110111111010
11001010110000001100111010011010111001001011010111111010110111110100001100100000010000011010111101001101010100110000101111110011000011100111101100111101011100100010011010111111101110110000000001111011
00011001100100011010000110110111011010001111001111111010111001001000000010101001100111011010001101010011110000010111011101001101101011001100001001110100101110100111101111011010010011101010010010001000
10011111101010101101011101001001000001001110100110101010100010101111011000110011000001110010011011001010111101110011001011110001100001111010010111101011000001100111011100011001110011111010100000001111
00101001011101101101010110000111110000011000110001100111010001100100010001011100101001111010001101001000000100000101101110110110001000111001100111001001101111111110100110100010110011110010100011111111
01101111001000010000000010110000001110101110000101110001010000110101110101110001101111101111101110010100101000101011111110010011001001000010110110011000010000111101110110101110011110011010000101111001
11001101010011010001110000001000011110001011110010000011001010001011001000001001010100001110111111100000000111101101011001110100011001111101101000001110110110011011111000010111010110000011111010101100
10100000110010100010001011001000110101110100100010101001100011100110011101001011001000000110010101100101010000101000111111011111101001000110110100100011101011010111001000010101001011101110101100100011
10110001100100010111100110101000111101111000011100100010111100011011111000000001001101010111011111000011000000101000000010101010010001001110101111100001010011000001101000100111100110011001010100001100
00011001101000101100011101010100100010110111011101101100000100001011101001111110000111101111011101010001001001010011110011011100101100110100110011110101010010011101101010001100010011001011011011110010
10110011001110111111111110101101000011010011011101011010011001000001111111110101011110000001010011101001010100110110100001101101111011111101011001000100000010001101111000110101000001000010100000111001
01001000010100010110001101110011011111111011111100100000011101110010011101010010101110000100011100111001100011010101001110011011010011011001110011011001100010111100010101101101010101001001100110001100
11001111101111101100001101001000001011101111100110101001001100100100000001100110000110100100010101110110001001010011011000001001010000010101000001111100001101110010001111101010101111010000010001110010
01010101011100111010111011010101101101111000100111111011011111001110011011110011101100001011010110011110101101101100100101100111011011000010011110000011010101110010100101111101001000001100111110010010
00101001111000001001100001110111001011011101010011100010101101000101101010000101101110100011011000110000010010000011011100001100110110010000010001110011011000010110100011000011000010001100010101100011
11110111111010011111010010001010010101110110000110100000011001000000011010001100010001000000101001110010010110111101111101110100000101000001100010011000001100011000001111100001110100011110101001101010
10111000010010110101001111110111010111110111001100010010100111001110000011101101111101001110110100000001100111000000010110001001000101011010111111100111101010111011101011101011001001110100011100100101
11000111110001001001100001010110110010111000101101101110010111101001001111010111101110111000100110110010111011010101001000001001110010010110111001111111000100011101110000000101100001011111111000000100
11111100000001000011100001001010001000010100001000011010110000000001110111111000101101110001011011100100010001010110010011000000011111100011100111101010101110000001010100110111001010000000100011110111
10011001100101000111000011010011100000111010010010010101111100010110011101110011101011000111100000000010110011000101100011110100101101100100100110101010111001101010001101111011111000000000101011111011
01100111110011110001000100100010101101111110100101111101110010101000000111100011010011111101010010110010001111101110101000101100001000000011111110000111010100010001010000110011010000011000110101011010
10101011001001110001010111010011101110110001011110101011011100101001010111010110010111100000010010001110011011010100000100011010000111001011110111111001111101111100100110011100010010010001111011011100
00111111000010101010101101001100111100001010011101010101010100100011011001100010000010100101111111100000110100010100111101110011000110100000000101100010110101101000001100111100010111110111010000000101
11010111001100101101000001110011101101010101111010010100111010101001011110100101101111110001101111100000011000100101111001110110001110100101011001100000101000011001111010100101001101101000010001111000
10011011111001100110101010101101001111000000111101001101100111011111000110000110010111111000100111000111010001010000001101011010111001000111110000010111110101110000011100110000100001011111000100011110
10000100101001000101110110011110100000100110001101111100011100101000111101001001000111000110001110101101011000100010001001010000111011011111001100111110011010001001101100000000010111100000011111110100
00010010000100000010001110110000000101010100101110110001001101101010000000011000101011010110110010100110101111010111010110010011111111111011000101000101001011111110010100011101100110010010111100010000
01100001100100000011011100011100000111000101100110000101110111001000110000100010101010101000101000000111001111100111010101111101100100010111011110000000101100111010011111001000011011110001000100000010
11001100001011001101100001001010100111010001001101011000001110111100101111100010010110100011000011011101111010110100011000101100100100100101100100110100011010011010110100001100011001101100001001111011
00111101101110110111110011100000111101001110001011111000100011111110110010101111011000001010101111111010101101000000110100001010000101010010100000110101110010011110111100000100100110011010110110010000
11111000111101010010100000101001001100001010100001101010000000100010101001111111101101101100110011111111010011001111001111001000101100001100011100011001100100110011110100101110110100010101101010110000
10101011100000010110010110011011010110111011010110100101000000111101001101101011101101010000010100000111000010001101100011000111011001100110110010100100100110110101100011000010100111100000001011011001
11100101111011100001111110101101101100000001111101101000101010101101101001100010111110000001111101010110001100100110000111001110100101000100000111001101000101101010010100010110001110000010111110001101
01000100000001010110101100111110011110001001011011010001110110011011011110110010111010101010111100111100010000001111100110000110001110111000001100110001111001001001101110111100110001100100010000101000
11000010100011001110000000001011110111001111101101110010011000011011011010000111110111111110111101010000100001101101110101111100100111000000010001011010001111000001000111110001100011100111101100101110
11000100110011111010100111000000111100110000001001010001110000111001100000111010101110101100011100101011010011011100110001010101101101001100100110100001101001001001100001010010000111100110000001100000
00111100101010101010010011010101001010101101000101001101100000110011100110101000110010100110001110011000010101000110111100001011000000011000110010100000110001011111101111101101110011011110011100101001
00011101011001111000011110110101001101010011110011011100101101011011010001111111100101110111110010011100001101101010001010100101000101001010011001000010010010010011011011001010110101101101101001110000
10001110000010110100000111011000110111001011001000110010011101111000010101011011100100010101010010011110110101101000001001111011100100010100011011010001110100001101111000111001100100001110101111100101
00001011000100010011000110101000101010010001110111010101010110100001010000101101011011101111000011100101100110011101011011100011101110100100001110100101101001111000001111000001010111000110111100101111
00000010100011000110111110000101010111101000100000010010001010110001110011101001100101100101001000010001111001011010010001001010011101000010010100101101000100111000110110010011111101110001110100001100
11000101001010101101100100100010110111100000001101010110010001010001000011100101100011110001110001010101110010010000101111000111000101100110011100001111110110000001110111011001110000011011110001100010
01111101001010110010011001011001010000101100001110010011101110101001011011011110101111111001000110010001111000100111101101111001011010001101101001001111001110010000110011100001000100101100100100101010
01111110110110110000001000011000110011111011011010111100010101110110000111110110001100110101100001011101001110000110000011011010111111000010100010010111001010101001110010001110011010000001100100011011
01101001111001001100001100000000101000010010111110000010100111100101000111101111011111001100001011011101110101101000001101000001000011001111011101111010110010100101101011101111001110110110111100100111
00000010001111011110111111100110111101001011100100101000010111010111001011011101100101101011001100011110101001011000101011011101010111111010111110101110001010111110111010111011001000111111010010001011
01010111000100011001111111010010100100000000011110101100011100001010001100111011010110011101001101010000001000010001000010110111011111010110101111101110011101011010001000110000011101111001010001101000
11100001001101110001111111000101010010100011001001001110001110100101001111010100001101010011101011100110000101001000101101000111010100011011001101000010100010110100010010001010011000010011000110101010
00000001000010110011100010110001011110001001000010000000111011100000110011110011010110100010001100000011010001011111110100011001101001110111010111011010100110011111101010010011010000000001000010100100
10110111110110001010110001111110010111011110011111111100010111010011010000011011001111111010111010001101100100000010101001011000000011110101001111110100000101000010000100011010101001111010100110010110
10111100011011110110010100100100010111101011000011001000001001011000101000100001000010100101110001011111011110100111001010000111101101010100101001000101111110100101101001000100111100101101100111001000
01110110010101011111001010011101111001000000011001001000110001011100110010001101011101100110111101001101111001100001100001001100000000111000101001111111011010101100111001110000100001110100000001000011
00100000111000011110011101000101001001100011111101000111101100010010010000001001111010101000000110010111100101001010110000000101000011000010110001110100011101111010001101100111001100010010111100100110
10011101001110101001001001001000110010010110100010001011011010101001011000110010101110011111101010101101000110100111101100010111110111001101101100000111000001010111010100010011111001011000100101000111
11010100101111110110100010101100011111100100001101110101010011000101011000111111100000011101011000001110100011001111111101001000101000111001111111110010110110010011011110011111100100001010101010101111
10110010110000000110001110010001110111101101110100011101110101010001000111100110110101111001010111010011101001010001011100011001011111100100110100111101111100011010101110100011011000001110111100110100
01001010010111010110110001100000111110000011010010001100001001110001000110100111010001000101110110001001111111101111010000011001111100000000011101011001010101111000101000101000011001111001111100010110
10010101001111111010011001100000001100010100111111100101010010010011011111001010011010001011010101111000101111011010101000100010101111110100111011011010101100011110110111110001010110110011011100111100
00001101101110010100110001001100110010100010110111000001000010011100001110101010110000111010001001111011101110010111010111001000011111010111101111000010100010010110100011111111001010110000010100000000
11011000001100001111111001000110001101100000011111110010011111011110010100110111111101010011011001010010011111111011011111001100010010110000000111101101000001010011101001000011010001000110011111000000
01011101000010111011000000100010101110001100100110010001100010001001000010001110100011110000100011100001100100111111001100110110111011111100010000110000110010000100111101000001100011001100111110111010
00101100001101011001011001110100010000101111010100010100101101010101000110000101111011011110011101110111001111000000111000010111100101001100101101011111100111000110110111110000110001101101011110010100
00010111011101110011111101010000101010011000010010110001011010111100100010010001111000110001011011010100101010000101001111010111100111101010001101111000110001110000110110001101011101011000110011010110
10101011001000011111001011000010101101001001110111000111111111111110111100010011101011001000110100000111101000101110010110010010010001000110111111001001001011010011101010110010100100100111111001101110
10110011010101101001001110100001101000001011011010100000010011101101101001100000010000100110111001001100010010001110111111100111010001111010010010001100011101110010010101011010011111100101101101001011
00101111010010110001000110111110000010001000110110001101100010000011000010010100011001000110000100000101101101010000110111000001110011011000110010100111000110010001100000000101101100111011001001100010
10001011100000000110101000001100010101110000110110101110011111011110101100010100000111010111010011100000011011001100000010011011001111110110011110010110000010001100111111010111100100011111101010001110
11011111100001111100100000110001110000110001010100001111001011011001110110111111010000010011100110010110010111100110000110001100011000100101001111101100001001000100010011100000110100110000010110110110
01101100110101011111111010000101110010011100101000001001001100011010110000011110011101110001101011010100001110110010011101001000011110011111100000001110111100001100100100011111011101100001000000010100
01011101110111001011011101000001110000111000110111000100011011011111100011000001101101011010111110000101001011001101010111011100011000000101100110100011010101010111100011110100000010101011111001001101
00000001100001011110000101001110011111110111110001010010010001000011110111000111100001111101101001101100111010100011011001000010111100100011010011100101100100100110010111001000100101000110100111001011
01101000110100011111101000011111110111110010111110010100011110011010110110011001010001011111000111010001011111000110000000001100001000000011101100000011111110111100111001001000111111111000101111010111
10000011110011010000100010110100011101011000100101100001011111101000000110111000011010101000000011011000100001100000100111101010000000000101001111000101110000101101100100000010010011011011000011111001
01101001010000001010000111011100101011110001110011111110001111000111000010010010001001110010010000101011011100001011000000001000010100011111110110111011100010011010111001011111100101111101011011001101
00011001100100011101101100001111101101011010001010100000000000000001111111001101000111101110011110010000100011001100001010111101000000101001011100111110100010001010100011101001101111010010001011001110
00001110110011001101110110001101000001000101000110111010010101110000110001111011011001110010001111000100110100010110111010110011101111101001101100010101111000110001111001010011010101111011101100010100
10110000001110000110011100010101010010011001111111110110001011000000100001001001000000110111101011010010011111101010111110001100101000101111011110001011101001111100100110100111011010001000110100100001
01001000000001011111111101011000101100101000111101100111101010110001011010100110011000100011111100110011011110000010100001000100010000011000111100110100100010001101001100101100010111111101110001000010
10100111010101100010011000110110110011010010111110100100000110110100100011001001101000011111111010010101111010111010110011010000000101101011010000100011011001110000111101011111110001010010100100111011
01011010011011100011110111100000101001011001000110100101111101000111110010011000000000010101111000011001000001010011111000000000101010100100010000110100001110000111001001001100011100000100110000000101
00110100000100101111111010101000001011111111000010001100110000100010111011011101001000000100010010001101011111010111100010110000010001011010111011110010111111010000100010100110100100111111010000100011
11010011111101100100100001101010111110111010101011110011101111100101110101100000111100010111110001110111100101001000000011010111100101011011101001100100011101110010111011110001000101001110001111101010
00011001001001101111001110111001010111101100111111001011111000000011010111110100010010100111100011010000001100011110110100000110111000111001111011101010100111111011001010110111100100100000000110111001
01100000001001110101111010001110100100000111011000111101011000110110110011111110101011010101001111001000110011010010011110000000000011011100011110000011110000101111111100100011001011101101111100010110
00010101011000111010000110101110001011010011010000110000110010010100110011100100011110001010110100010110001100010111100001011110010001110000111101101100001010000010001011101011001001111110100100100100
11101011011000100110110100001001101110111111100101100010001100000001001111101000101110011101100110001010000011100111000010000110111011000011010000001100101011010001101001001101000000100110110010101100
00111001000000000000111010100001110010110000001010001100100001000010101001011001011101101001100101011001001011000111110010011111101110000010001011011111000110000111000010010111000010000100110111010011
10111110100110000110111000110000001001100110011100001111100000101001111100010111011100001100001011010000111010100000011111011111010010000110000010100010101000100001101110110011101100111101001111011111
10001010110011100010110011011100011111111000111110001110111001101111101001001010000010001010111100011110011101101101111011001110010010101101100100101101111011110011111000101111011011110001110001011010
00000011110010010000000100010110100100010110100000000101110101100000111001101010100101010000001110011001001100101110111000111101010011111101000001110100000101100101001100011110000010100010010001000010
10100100011110001110110000101010111010001110100000101010001100000011011001011011111000011110000000010100110111010101110110001110111001110010000101001101000011011110110110111001001110110001110111001010
10111000110000001000001111100111100110111011110000010110110001011011111001001110100101010000101001100000111001000110000100011110000001000100010101110110000011100101100100001111111000111111001100111110
00001101001110101100000101100101111000101100001001011010011011110001101000101010001111100010101100111000010101100100111011001101010001011000000110100101001010000111111101100101111000011100011101010001
10110011110000011000111011100110010000010101011000111110101110010101111010000001011001101011010001011111111010101000000001000111001011100000100110011001100000001010100100101000000011001101000001001000
10001111100001000010011011110110000110001100110100100001011001011001101000101000100011110100000010110100011101000111001100010001101010010101100110110001011101001101100011000011010001000010110010001010
01111110100111100001101110000100111101011011011100001010111000001110000110110110011111001011100111110001111000100000010100111101100100101011111010100001101000101101111110010000011101100100111000001001
01111000010010100111100011011010110100010011100110101010000101000111011000000001000100010100011000011100000001011001110111110011011011011000111010101000000000010011111000011101110001011011110010011100
10001010101111111010001010000101011010010011101100101111010100110001001011011100001101111000001100101101110001010101010010000110011111110110110010001100100001011101110001000111000011110101101100101101
01111110111111001111001000111110111100000010000010001111110111001111011100111110101001111001110011011010110000011010001001000000110111011001010000001000101101010010010010111101011100111001111111110000
00001111111101011000111110010111101101110100001000001001000011111100110001011110010111000101101011001110000001110000111101011001100010011100110111110010000011010110000101001101100010100011000001010000
01110000000000010000101010001001101111010111110110110100111100000011101101100011010100110010101011001100111111110111010111000111100010000000010100110100010011001111100100100111011110110101110110010101
01011010010100000111010110000000100101100100010100011111011101000111011100100010010011111100110010010000011111101101110100001101100011011001111111010001000011100001001010001110101101000000011000000111
11001110000101100001110000001101100110101011011000110000100011001111001101011000101110100111000111101001101000001010111010100010110101010101110000000111001010011110100001001101110101000010100001001010
01110110100101110000011001011100111001100011011001010001000000101110000100000000000100001000010011110110010110110000100110001100010001011000110110010110111010010010111100100110110010000000110000111011
00000111001110110001110011010010100100111101010101011000000101000100111111100000100101101111100010001011110000010110000001010000010011111001111101010011100000011001101000010111011111100000010000001111
00001100010000111111010110001100110110101101000100101110111011001001000111001101000101001101101010101111110100110010011011101011010111010110110000100000010100110001111110111010011100110010010101001001
00110101100101000010111110011101100010010100111101111100101100101100001001110000111101010111010110111110011001111001001101011111101011010101100111000110100101101100111010110111010010101101110100101100
00111111001001000011000011011111110010101111010101011011001111110101110111101000000101001000001101101000001010001101010010111111100111110101011011100110000001011000000110111000000000110110010110100110
01010101101010010001010010000101100111101110111100001000101110011111110100000001011010010001101111110100100110110110101100011100011000101001011101111001111101010111101000010110000110100100100000001011
11010000001000010110101111100101100101010101100111101100011110111111001100001000000111100010111111000101010100100111000111011111111001110000110110100100011101001010010111001111001010100011101001010100
01101011010110110001000000001111111110001010111001100110011111010000001001110001011011101010000110011110110111001001111100111010111111011100111010110000000111100111110001001011001011100111001010011101
10010001111111111110111011100011011100100111001000110000110011111110101011100011011111100000100101111110101100001010011000111101110100011010111000111000010111100001001111011000100010101110111101101010
10110100000110001100011010000111001011100010110101100010010101010011010100011010011001010110110000110010111001100001101110100101001110001100010011011111111010111100010010101010000100001100111011011111
01101010111101101011111001110000110100010100101111011000101001101010010110101010100010100110001110111110011111011001111110101011100110011011110100100111111110011101100101100010000000110010010000101011
00110100110001100000011100011001010011111010001101110110000011001110010111111011011111010101011011101000010110111110010101001101011000101010110010001000110111011101010111011000110111011000000000101111
10011000100011001000001010000101100011110001110001100000111110100101011100100101011110110111000010001000111000101000010010011001000100011011010100001001100100110110000011111101000010100101100010101101
11110001101111100001111100111101111001101001111000010010110001110111110101100011111011010110100101001010100110001100110010001101001110010010111100100111010011010011011011011101100110000111100001001000
00101011111110000100100100010000101010110011000101101100010101010001000101001101010111011100000000011000111010111011010010001111011000001000010101011100011011010000100001100010111011100100010000000100
01100100000111001111001101001110100000000101010111110100110111010100100110101011011100110101111001110000000100000010010010111011111111111011100101010011011111000000010111101011101101111110101101101011
00101110010010000101110101101011011110000000100001000111001100110011101010100000011101111010110111000101100111011111101001111011011110010001000010100001001100010111000100010011101001100111110001110011
11010111101110101100110000111111010111011001010111011100001001101101010101001111011011001111001000001111000011101011001011001111100100001100010110110000001111100001100100010110001000100010010001010001
10101010111001011011100110000011100010111000000100010101001000000001110011011100110000001110010111110100101001101111011100011100011111000100000110011111000100001100011000000001001111001000100010100010
11010111011011000000111110100100001110010000011011111010110000101111001101011001011011111100000111001111111100100000011100100100011010110000101101100100111111011010101101101011001100100110110001011001
10001111110001111101001001111111100101000010000011111110000110000010100111111001111001011110011101001111001111101101000111001000001010010001101001010010001111001000100101001111110011100001011111011100
11011001001110010010001001100011100011101110111000100100101010101100110101101001010010111011010101101110110000001001000011111111001101111011100011100000100101011110101000011100010101101111110000000100
00101100101101111000001111000101011010101111101010000101101111010011000001001111111010100111110101010101100000001110110110001110111100101001111101100110000001000111111001010110000010010110011010010010
00111111100011110010111011100110100101001001001111111001101000001111111010101011001101011001011111000101000110000010010100001110100110101101110110011000111111001000111000010001011101011000001100100100
01001000100010111111101110010001101100100100000001000000100000000011010011010000110011101010011011101011010011100111010010111100111011001101000011000010100011111011001000110011110110100110111001011111
01100111011011001101000111110101111000110011010000010100010001100000001101111001111101111111110010101101101001000101111110001111110110111100011110110011100011001101010101101100100001011000011011111001
10001101101110001100100011100110111111110110001110110011000100000011100000001100010011100001101011011001011111001100110100110110010100000010010110010001101010110101100010001101110001110101100000100011
01010110000110110101111001111101101000011011111111110101011011001100001111011110001111111110011101001110000100110100001010110001011110111100100000001110011100100100000100111000100100011000101110001101
10110110110011111100111010111001010001000000101010010101010010001010011001110011100001011100000100110111100010101011111101011111011111101000110011110101101010010111010100001011000010110010001110111110
01110111100000100100000011111010000100101001000111011000111101001010110000011111101000000101101001110011101101011000000011101010100110001010111111100111011110111011100000011111111101010000101100000000
01111000100000011001010100110100011011001110111111010000011100110010000001000011000111011110110011110101001111100010101100010001011110110111011101010110010100010100010110101000010110000111011110110100
11011110101110010000111000010111110111001001111101011110100011000000101001011110000010110100111101011010011000010000100111000010111001011100011010001111110011000000000011000001010101000001101110100111
11001001010100111111111000100011010010101011111101111100111111111011000110100001010100000110010011001101101010010001111110111000111110111010100101001000100100110100110110001001011101010001010001101011
01001110100111110001011111001110010100001001001111010100100111110001100111011101011001100011111110001110101011010110000111010111010010011100011001110100110001000001101001010000101010010010101110000101
01100101001100100101001101110010000100101000010100011110101010111011100100011011100110011110110100101001010110000011010101001001111100011010001111000101101101011001000110110000001001011111110000011101
00110001011011111001101101101100100011101010011001000100110000001010101011100001100100000000101101110010111001001000101010001111011111101101010001001001110100101000100101001110001011101011111100101010
00101001010111001101111000101100010001111001001101110001011110101100000010000000101101000101110110001000010011000001011101000100111111001101111010001010010001001100011110001000000100101001010111111011
10011101011101010000000010111000100000010010001111100000011001000001011111110111110000001101001100011010110101111001100001111001100011111000000011100101001001110101001100110101111101100001101011110110
01010100100000011100011000100111110001100011101110010110010010000111111010011000100011001000011000111100101111011011011100101110101100000100101100111010010110111110101011011011011000001000001111101111
10100110000010011011100011100011101010001000001001111101001111110100011101100010010001111010001110111001010001110110101100100111000101010111010110010001011000000101101000011100010111111010100110010010
01111001110111001100000111000111001011001001001101010010000001010111011110111000010011100011101000001110100001110010111010101001101011001101001111000011111010111111011100011001111100000110011110000001
01010101111000100000100011101111010110101100001110011101011111101110010110001100110011100100110010000101100101000010011011111000100001000100010011001100010110111001101100001010101001111110010101001000
00001010011101001100001111000010110011010001100100101110011011010001010111111101011001101101011011100001100101111101111111001111010110001110101100010010111011011100010100100000101000010100001001011111
10111011101010110111011100011001010001100001001000111011101101110001001010010000000101000111010100111010011010110010100100011111100000111100110011111000101010001000101110001101100000000100001001110000
00111011100001010010101000101101001010000110100101011101001001010000110011001010011000010011000111010010001100111000011101010001010110000010010000001101010011011111111101100011000001010110111111110001
00010110101010001100110011011010101111101001101110100000011111011111110100010011110100111110000110000111110101001111110011011101010001011011001000110001011000000010001011100011110111111101011110000100
00001100011010110010100011111111000111111000001001100110110000100000010110011111001101010101001101011001111001010101110100000001000110111100000101101101011100111101111110000010011100101000011111100010
01010101100111000010001000101011000000110001000111001000100100010101111011101101000110011011011100101001100111100110101110010111010011001001000001101100000011110111000110000101100110101101111011100110
11111100111111010001000101111111110100000111011011001100100111110100000100011110101111011001101101000000011110100111011010010111001000110011110110000110011100010110101000101110000000010100001011110011
01001111001101111000100110110110011111000101101101100101010010000101000001000100100111001011100100100011110001111101100110000101101110100010011010100101110111101111001101100011010101101001110110111110
01110110001111110001101011000011001010010100101111000001110111101010010111001111101011001001110011000001011011111001011111110000100100101111001110000101100010100001101011110110110100011011000011011110
01100110110000011110100010000101011011011111001111011000111000011001001001001001111010000010010011111010101010111001111111111010010111011000111110001111010000011110000000100000010110010110101100110000
01010111110011000001101011101001111010111000010101100001000010001011010010010110100101000110110111110011001000111000111000000001100010110000111011011001111100001100001110011100101010001001110011101000
10010000011001010101011101001001100111100110000000100110011010111111110000101100101110001100010000000011011110000001110101010110010001101011111010000110100100011001011010111011110011011010100010111111
11000101001010110101011001111111110101000101111011111100111001111000010001100001111011101001100010010010001001010111001001010100000000010010100111010011011101111110110011110010111100000010101010111110
11000010011101010101101111000001101011110010011110001110000000010000100011001111001111010011101011101001111000111100101100011111000001011000011010001100011001101111000000001010010011010101111111010110
00101010100011001101001000010111001010111010001011101110110001100101000001111101000001110001011101111010101000101100000110111110000110100001011100001100101101001011010110010101001110110010000110010010
10000010000111000110000111111100010101010101110001110011101010111011100111000111010011111001101010100010001010101110101000111111111000001100000001000011011111100010111110111010001100010110010010011010
10011110001111000111010001010000011010111011100001101101001110001001000001010111010100011001010110001101100000111000100010001110100111001000001110000000111110101110001000101011101001101001000101011111
00110101010101010101000001001111001011111000011010110111110101111001001100111111111010111101101100110101011111111000100100100001100001111101101001000111101010101001010010100000010001001110110100000101
01000111010010101100110101110101110110000010111010111100011000000101001000011101001100010101110000101111100100001111101111110110001111001111011001110101001000010111100110001010100001111010111010010010
01010011111100111011101100000010110110110101111111011001011101101010001110000111011000111000101010011100101001110101010011100000111101010010100100101100110101001101101100111010000110110110101001011001
01100001100111001011010010001111111111111011000101011000111110011011111101110101001000110001111011000010110101100001100100010000100011110011011100101101110100010011001101010000101101010011100111001111
11100010111111011111000000011101100100111110110100101011011011111111100110011011101000001110001010100101111110001001010111011101110011011111100010010011101010000100111111011010011100110100001100110110
01001110001111110110111010101101101100011000101000100000000110001011000100001101111011100000100111001000011000110001010111100110001111100011011000001100100110111001000011100100111110011110110011001000
11110001000000000001111000001001101010001110101001001101001110010101101101111111110010011100111101100001111101000101000111110100001001110101000010110010100101111111001100000001001010000100010011101011
00011111111000001010011010001001101100100100010001010010101011000001100101011010011011000100001111011011010101110001100100111111000110000011111000100111001001000101011101101101000110100110010010000000
01010000101100000110111100000000101110110101101011100001010000010100111010000111000000100111010001110101010110100101010011011010000010110000010110100101000100001111111000111001010110011110110110010100
01000001110110110101110000000111011000111101111000001001101101101010010011010101001100001111010001111000100100011011011100010100011001111111111100011001010110011111110101010011111010111101110110110000
10001111011010000001001111001011101001000110101111110010111001100010011001001001001011010111011111000001110011110111100101110110110110110010000000101100100111001111100000010101110000001000001000110100
00100100010111101001010000000100001111000100111000000000100010011100110001000110101100100010011011011000110000001100101110101011110010011100000010100011100001111011101011100001001100101010110110100111
10011111101001100100011100011001101001101110111100000111001001100111000101011000001111011100011100110100110110110001011010111111011110110110001101110111011110111010011011110110011000001000101110100010
11111100110010011010101101111110100100011111111100100000101001111100000101000111101110100011101101001011010000101100101100011110100111111100000001100011000110101100011100010101110100000111111011011110
11010110100111000010100111001011101001010101110001000111010000011001111111010010010001101010001101101001101110100100001101001010100100000000011111001101010100111010101101101100000010001110011101000001
01000011010111001011010000110110000110110001010110010110000101101101000101101010000010111001010110010011110000100101011110101111101010011101010010000010000111100110010011101001100101100110100010110110
00001100011001110100111100111000001000001111110011111111101000110111010000000110011000000100110011011010111101111100000000111110010101101011101001110101001110010110111101111101000001001101010000010001
