11110110111100000011100000100010000111110111001110
11100001110000110101010000001110111111111101100110
10110101111111001110100011100010110011001100110000
11000010111000000100010011011101000010011001001111
01100111011000000110000110001111100111001111011111
10001100110001001110000111100110101000001100010001
10011000110011110100000110110000010000110110101011
01011000011101000111100111111101101000111001000000
00100111001110001000111100111100110010100001000111
01111111011101111100000100010001001111101000000010
10000010001111001001001011001100001010010101101101
10001101110110110010011010001100001101001111010011
10010011100100001101110100111011010110000100100110
10101000010001000100100101101110011011010111000101
01100010100000001100001001010100011110111110011110
11010111110110110110010111001111001100111011000111
10100100100110110011010111001101001110111100011011
01010100100011000011100100000111100111011111111110
10101101110111100100000100000100111101101001101011
10110001011000011011100110010110111110010010010110
11010111100100011000111001101110001000011001001101
00111110111111101100011111010100100100001110000011
00011011111000111001111101110111011001010101101000
10100101001111001101110110110100011010011010001110
01101010001101001110000101001000100010111101110001
10110010101101011101111010111001110111101111111100
11110100110100111101100111101001011101010111101011
10011110100000110100011011111001111110111111010010
01010011011101001000110001001010110100100101001101
10000010000101001101001001011001111001011010110011
00111111100000100101110101111100101011100101001011
00110010101111000010010001001010010000011101110101
01001001001110011110010001110011100001000000000011
01000001001110111100010000101111000100000101000110
11001100100010100111111100101110001010010010011000
00011110100111010111001010000110110010000101111001
00101100001001010110111010110001010000011110010011
00100001111010100100000101001011010011011010011010
11111000100001100001111011100010110000011110011011
10110010001000110100010100010110111111010010001011
11101011110011101010110011110101000100011010101001
10000100111111011111010010101000111011011010111010
00101010001000010110001101011000111011010001101010
10100100100011000111011000000011001100011111110100
10100110100111110011100011100010100111011101000100
11101000000010110101100110000011010001000011010000
01110011100010011111101110111011100100010110110000
10100011010010111011110101001001000111011001100110
11100000010001000111111001101100111000100111111011
00000110110101100100100001011011011100100010101011
